n_elem: 30
pitch: 0.02
radius: 0.01
total_length: 0.1
body_length_ratio: 0.5
density: 1000.0
E: 10000000.0
nu: 0.5
fluid_viscosity: 0.1
dt: 0.00001
total_steps: 10000
step_skip: 100
torque_magnitude: 0.00000001
